6 0.587500 0.790799 0.175000 0.227431
3 0.350000 0.524306 0.036111 0.114583
3 0.679861 0.580729 0.051389 0.123264
2 0.491667 0.520833 0.036111 0.114583
2 0.622917 0.471354 0.048611 0.109375
2 0.920139 0.644965 0.048611 0.133681
1 0.364583 0.440104 0.056944 0.074653
1 0.506944 0.418403 0.044444 0.086806
1 0.618056 0.386285 0.052778 0.074653
1 0.678472 0.484375 0.056944 0.083333
1 0.918056 0.550347 0.038889 0.076389
1 0.898611 0.455729 0.052778 0.085069
4 0.763194 0.449653 0.106944 0.170139
4 0.440972 0.381944 0.073611 0.163194
4 0.802778 0.345486 0.061111 0.163194
